ObjectType = Image
NDims = 3
AnatomicalOrientation = RAI
BinaryData = True
BinaryDataByteOrderMSB = False
CenterOfRotation = 0 0 0
CompressedData = True
CompressedDataSize = 0                  
DimSize = 0 0                        251
ElementNumberOfChannels = 1
ElementSpacing = 1 1 1
ElementType = MET_OTHER
Kinds = domain domain               list
Offset = 0 0 0
TransformMatrix = 1 0 0 0 1 0 0 0 1
UltrasoundImageOrientation = MFA
UltrasoundImageType = XX
Seq_Frame0000_ProbeToTrackerTransform = 0.1004145365995918 0.9934167474266702 0.05513698188788207 -104.785758972168 -0.9730483184056793 0.1096161501937004 -0.2028824035361181 -53.75827789306641 -0.207590681118805 -0.03327860497267736 0.9776495504850924 585.19189453125 0 0 0 1 
Seq_Frame0000_ProbeToTrackerTransformStatus = OK
Seq_Frame0000_Timestamp = 17.54348571427399
Seq_Frame0000_ImageStatus = INVALID
Seq_Frame0001_ProbeToTrackerTransform = 0.09973344769650971 0.9935394703157445 0.05415311934946344 -104.5610427856445 -0.9725623594345921 0.1088348098968547 -0.2056147882953336 -53.75544738769531 -0.2101801523017502 -0.03216061379117566 0.977133562262083 585.4650268554688 0 0 0 1 
Seq_Frame0001_ProbeToTrackerTransformStatus = OK
Seq_Frame0001_Timestamp = 17.57624285713412
Seq_Frame0001_ImageStatus = INVALID
Seq_Frame0002_ProbeToTrackerTransform = 0.09904794847525517 0.9936676588488933 0.05304797508484967 -104.3767242431641 -0.972362249993808 0.1079756568678591 -0.2070094498107122 -53.77243423461914 -0.2114264853083044 -0.03107798709237754 0.976899687802419 585.7763061523438 0 0 0 1 
Seq_Frame0002_ProbeToTrackerTransformStatus = OK
Seq_Frame0002_Timestamp = 17.60874285713154
Seq_Frame0002_ImageStatus = INVALID
Seq_Frame0003_ProbeToTrackerTransform = 0.09774577293375575 0.994010956489305 0.04886698530500642 -104.0459136962891 -0.9719674924169285 0.1058979145621824 -0.2099162341890903 -53.80174255371094 -0.2138339485636716 -0.02697869660672607 0.9764974103248157 586.28125 0 0 0 1 
Seq_Frame0003_ProbeToTrackerTransformStatus = OK
Seq_Frame0003_Timestamp = 17.6415999999906
Seq_Frame0003_ImageStatus = INVALID
Seq_Frame0004_ProbeToTrackerTransform = 0.09502383501918193 0.9946244573929642 0.04114194373141159 -103.2534027099609 -0.9715640774029409 0.101666020759482 -0.2138393409153346 -53.85248184204102 -0.2168725761326669 -0.01965220035222326 0.9760020884931019 587.0331420898438 0 0 0 1 
Seq_Frame0004_ProbeToTrackerTransformStatus = OK
Seq_Frame0004_Timestamp = 17.67477142856307
Seq_Frame0004_ImageStatus = INVALID
Seq_Frame0005_ProbeToTrackerTransform = 0.09050386904650812 0.995118998446434 0.03933482704396181 -102.3302230834961 -0.9707191130620844 0.09697194890490345 -0.2197745314215114 -53.94387435913086 -0.2225161864304991 -0.01829262300903494 0.9747573681280263 587.9505004882813 0 0 0 1 
Seq_Frame0005_ProbeToTrackerTransformStatus = OK
Seq_Frame0005_Timestamp = 17.70808571427645
Seq_Frame0005_ImageStatus = INVALID
Seq_Frame0006_ProbeToTrackerTransform = 0.08437872508629668 0.9952731083614582 0.04807983491373628 -101.6310195922852 -0.9698391453821257 0.09310451080537707 -0.2252633617616486 -54.02653503417969 -0.2286750157697144 -0.02762227072875055 0.9731108607566296 588.9947509765625 0 0 0 1 
Seq_Frame0006_ProbeToTrackerTransformStatus = OK
Seq_Frame0006_Timestamp = 17.74182857141631
Seq_Frame0006_ImageStatus = INVALID
Seq_Frame0007_ProbeToTrackerTransform = 0.08044084758038482 0.9954397251906775 0.05127400465009529 -100.9371185302734 -0.9690118886955451 0.09015101846283088 -0.2299755496499725 -54.1313591003418 -0.2335492016840176 -0.03118569195036434 0.9718447525249777 589.70068359375 0 0 0 1 
Seq_Frame0007_ProbeToTrackerTransformStatus = OK
Seq_Frame0007_Timestamp = 17.77488571427322
Seq_Frame0007_ImageStatus = INVALID
Seq_Frame0008_ProbeToTrackerTransform = 0.07797709674513705 0.9956509588771609 0.05097784293386504 -100.5210494995117 -0.9685195729787404 0.0877792719408132 -0.2329477112457199 -54.17806625366211 -0.2364094100078888 -0.03120845245331852 0.9711522143079276 590.288330078125 0 0 0 1 
Seq_Frame0008_ProbeToTrackerTransformStatus = OK
Seq_Frame0008_Timestamp = 17.80851428570168
Seq_Frame0008_ImageStatus = INVALID
Seq_Frame0009_ProbeToTrackerTransform = 0.07754939206446092 0.9956096700053739 0.05241637894993265 -100.5102691650391 -0.9676690428133131 0.0878210614731052 -0.2364404465029267 -54.22185134887695 -0.2400056569566617 -0.03238589436046956 0.9702311263174738 590.8856201171875 0 0 0 1 
Seq_Frame0009_ProbeToTrackerTransformStatus = OK
Seq_Frame0009_Timestamp = 17.84165714284297
Seq_Frame0009_ImageStatus = INVALID
Seq_Frame0010_ProbeToTrackerTransform = 0.07734374329410898 0.9951824493658648 0.06024813563433494 -100.7647018432617 -0.9666538934476925 0.08964895486295427 -0.2398818775447558 -54.23523330688477 -0.2441274168455321 -0.03968573252616405 0.9689307751218297 591.3712158203125 0 0 0 1 
Seq_Frame0010_ProbeToTrackerTransformStatus = OK
Seq_Frame0010_Timestamp = 17.87545714284684
Seq_Frame0010_ImageStatus = INVALID
Seq_Frame0011_ProbeToTrackerTransform = 0.07626872594970227 0.9951673247578785 0.06184720831416932 -100.7226943969727 -0.9654051484400042 0.0892150168719944 -0.245017509843813 -54.21450805664063 -0.249351119523339 -0.04102044001198425 0.9675439745529298 591.67333984375 0 0 0 1 
Seq_Frame0011_ProbeToTrackerTransformStatus = OK
Seq_Frame0011_Timestamp = 17.90938571427084
Seq_Frame0011_ImageStatus = INVALID
Seq_Frame0012_ProbeToTrackerTransform = 0.07493091073172645 0.9952214171893686 0.06260742275879777 -100.5002822875977 -0.9652941676931736 0.08814306347138649 -0.2458413516465907 -54.24068450927734 -0.2501849884274785 -0.04201346366897069 0.9672860695968275 591.6924438476563 0 0 0 1 
Seq_Frame0012_ProbeToTrackerTransformStatus = OK
Seq_Frame0012_Timestamp = 17.94274285712412
Seq_Frame0012_ImageStatus = INVALID
Seq_Frame0013_ProbeToTrackerTransform = 0.07297699738014894 0.9952064660609535 0.06510336215469927 -100.0802764892578 -0.9661090945023388 0.08674759657295243 -0.2431215169594975 -54.28294372558594 -0.2476036659123783 -0.04515467195412326 0.9678085968968589 591.6068115234375 0 0 0 1 
Seq_Frame0013_ProbeToTrackerTransformStatus = OK
Seq_Frame0013_Timestamp = 17.97572857140996
Seq_Frame0013_ImageStatus = INVALID
Seq_Frame0014_ProbeToTrackerTransform = 0.07015003939484157 0.9955360775132976 0.06314182720146599 -99.48876953125 -0.9672200293538759 0.08336817917032577 -0.2398648817949643 -54.34087371826172 -0.2440581627186232 -0.04424550905190353 0.9687507151683287 591.2968139648438 0 0 0 1 
Seq_Frame0014_ProbeToTrackerTransformStatus = OK
Seq_Frame0014_Timestamp = 18.0082857142689
Seq_Frame0014_ImageStatus = INVALID
Seq_Frame0015_ProbeToTrackerTransform = 0.06853755686340826 0.9960020964870899 0.05729246977148816 -98.81318664550781 -0.967979765514788 0.08029049257494521 -0.2378415656608589 -54.36460494995117 -0.2414907386487752 -0.03915687162420503 0.9696127900102569 590.9373779296875 0 0 0 1 
Seq_Frame0015_ProbeToTrackerTransformStatus = OK
Seq_Frame0015_Timestamp = 18.04184285713002
Seq_Frame0015_ImageStatus = INVALID
Seq_Frame0016_ProbeToTrackerTransform = 0.06629210923331251 0.9966447804050831 0.04800560326360234 -98.12500762939453 -0.9692866804515746 0.07574251788303203 -0.2339794907334947 -54.40872955322266 -0.2368305034250562 -0.03102019787239272 0.9710556420573396 590.5917358398438 0 0 0 1 
Seq_Frame0016_ProbeToTrackerTransformStatus = OK
Seq_Frame0016_Timestamp = 18.07565714284844
Seq_Frame0016_ImageStatus = INVALID
Seq_Frame0017_ProbeToTrackerTransform = 0.06424557505322306 0.9972289025558055 0.03751029183336917 -97.33652496337891 -0.9697952868912874 0.07125295067271761 -0.2332812005796376 -54.44634628295898 -0.2353074746146551 -0.02139001934957306 0.9716855764405986 590.1852416992188 0 0 0 1 
Seq_Frame0017_ProbeToTrackerTransformStatus = OK
Seq_Frame0017_Timestamp = 18.10909999998943
Seq_Frame0017_ImageStatus = INVALID
Seq_Frame0018_ProbeToTrackerTransform = 0.06110816477491045 0.9977374229106096 0.02803260818293214 -96.48943328857422 -0.9710336580220984 0.06592544414964681 -0.2296681754224869 -54.50113677978516 -0.2309965956157467 -0.01318600536050243 0.9728652024183865 589.9324340820313 0 0 0 1 
Seq_Frame0018_ProbeToTrackerTransformStatus = OK
Seq_Frame0018_Timestamp = 18.14227142856481
Seq_Frame0018_ImageStatus = INVALID
Seq_Frame0019_ProbeToTrackerTransform = 0.0586110128333391 0.9980403863428893 0.02191201504167267 -95.81594085693359 -0.9715270091216976 0.06207406572355503 -0.2286527518128671 -54.57036590576172 -0.229564848619511 -0.007886545066383643 0.9732614153891116 589.748779296875 0 0 0 1 
Seq_Frame0019_ProbeToTrackerTransformStatus = OK
Seq_Frame0019_Timestamp = 18.1753714285608
Seq_Frame0019_ImageStatus = INVALID
Seq_Frame0020_ProbeToTrackerTransform = 0.05716706482050973 0.9982416936513551 0.01566677235049239 -95.41850280761719 -0.9717532802465058 0.05923541919155058 -0.228444145128208 -54.61276245117188 -0.2289704981650782 -0.002164756170056045 0.9734309553331251 589.7346801757813 0 0 0 1 
Seq_Frame0020_ProbeToTrackerTransformStatus = OK
Seq_Frame0020_Timestamp = 18.20878571427602
Seq_Frame0020_ImageStatus = INVALID
Seq_Frame0021_ProbeToTrackerTransform = 0.05695882122408916 0.9983196518763054 0.0106567050411858 -95.12477874755859 -0.9717425044712937 0.05788521014526066 -0.2288357652341456 -54.65573120117188 -0.2290681070961652 0.00267864219551558 0.9734067121133737 590.027587890625 0 0 0 1 
Seq_Frame0021_ProbeToTrackerTransformStatus = OK
Seq_Frame0021_Timestamp = 18.24199999998507
Seq_Frame0021_ImageStatus = INVALID
Seq_Frame0022_ProbeToTrackerTransform = 0.05696900299847716 0.9983632588003091 0.005033505238562687 -94.91757202148438 -0.9710589227040717 0.05658084810674632 -0.2320413244754674 -54.70060729980469 -0.2319463328750151 0.008331332735429527 0.972692905063404 590.6224365234375 0 0 0 1 
Seq_Frame0022_ProbeToTrackerTransformStatus = OK
Seq_Frame0022_Timestamp = 18.27524285713152
Seq_Frame0022_ImageStatus = INVALID
Seq_Frame0023_ProbeToTrackerTransform = 0.05708036681676541 0.9983639201000452 0.003363742935249931 -94.83820343017578 -0.9702247767366337 0.0562652723730669 -0.2355803509020527 -54.72563934326172 -0.2353841845375623 0.01018342610595919 0.9718490538670763 591.1005859375 0 0 0 1 
Seq_Frame0023_ProbeToTrackerTransformStatus = OK
Seq_Frame0023_Timestamp = 18.30842857141855
Seq_Frame0023_ImageStatus = INVALID
Seq_Frame0024_ProbeToTrackerTransform = 0.07006318845719689 0.9868037498019334 -0.1459777688555845 -94.84721374511719 -0.9656119113005001 0.03036176173847974 -0.2582088305591635 -55.02020263671875 -0.2503692999906465 0.1590488063488026 0.9549966967593211 593.69677734375 0 0 0 1 
Seq_Frame0024_ProbeToTrackerTransformStatus = OK
Seq_Frame0024_Timestamp = 18.34182857141589
Seq_Frame0024_ImageStatus = INVALID
Seq_Frame0025_ProbeToTrackerTransform = 0.05931033982442871 0.9982394544143425 -0.0005246336502146443 -95.17817687988281 -0.967811346151913 0.05737366735191346 -0.2450499144138073 -54.82118606567383 -0.2445883927121912 0.01504174009708091 0.9695103218663116 593.1427612304688 0 0 0 1 
Seq_Frame0025_ProbeToTrackerTransformStatus = OK
Seq_Frame0025_Timestamp = 18.3757571428482
Seq_Frame0025_ImageStatus = INVALID
Seq_Frame0026_ProbeToTrackerTransform = 0.06009632288141101 0.9981777694842742 -0.005438058801857532 -95.23954010009766 -0.9668276739124088 0.05685218825251807 -0.2490222432796343 -54.87179183959961 -0.2482593018061041 0.020222986878785 0.9684824984832954 593.8516235351563 0 0 0 1 
Seq_Frame0026_ProbeToTrackerTransformStatus = OK
Seq_Frame0026_Timestamp = 18.40932857141431
Seq_Frame0026_ImageStatus = INVALID
Seq_Frame0027_ProbeToTrackerTransform = 0.06047246102556041 0.9981369705594771 -0.008103669530616409 -95.17833709716797 -0.9664316825678602 0.05651676774633014 -0.2506305206724873 -54.90971755981445 -0.249705595425026 0.02298788737263042 0.9680488999258128 594.265869140625 0 0 0 1 
Seq_Frame0027_ProbeToTrackerTransformStatus = OK
Seq_Frame0027_Timestamp = 18.44272857141498
Seq_Frame0027_ImageStatus = INVALID
Seq_Frame0028_ProbeToTrackerTransform = 0.06085564603812155 0.9980919197009893 -0.01044558150017701 -95.19521331787109 -0.9661299572899419 0.05627115352403695 -0.2518461095748937 -54.92404937744141 -0.250777782054587 0.02541804690900232 0.9677109211531685 594.6034545898438 0 0 0 1 
Seq_Frame0028_ProbeToTrackerTransformStatus = OK
Seq_Frame0028_Timestamp = 18.47607142855995
Seq_Frame0028_ImageStatus = INVALID
Seq_Frame0029_ProbeToTrackerTransform = 0.06158476592350619 0.9980155409645014 -0.01312617992717307 -95.22270965576172 -0.9658499791635156 0.0562734805471088 -0.2529172060911452 -54.95167922973633 -0.251676646425495 0.02825376754430702 0.9673988785726231 594.8523559570313 0 0 0 1 
Seq_Frame0029_ProbeToTrackerTransformStatus = OK
Seq_Frame0029_Timestamp = 18.50894285713106
Seq_Frame0029_ImageStatus = INVALID
Seq_Frame0030_ProbeToTrackerTransform = 0.0623695216789531 0.9978885759270629 -0.01812271502278257 -95.14446258544922 -0.9657256676326308 0.05575535476557114 -0.2535059669721306 -54.94586944580078 -0.2519602699654219 0.03331261696750488 0.967164046017907 594.909912109375 0 0 0 1 
Seq_Frame0030_ProbeToTrackerTransformStatus = OK
Seq_Frame0030_Timestamp = 18.54274285713036
Seq_Frame0030_ImageStatus = INVALID
Seq_Frame0031_ProbeToTrackerTransform = 0.06267144668411974 0.9978257129204796 -0.02039942168926037 -95.02072906494141 -0.9657005427594734 0.05546783988584483 -0.2536647008404144 -54.96451568603516 -0.251981649102823 0.03559726637166133 0.9670770823167546 594.9277954101563 0 0 0 1 
Seq_Frame0031_ProbeToTrackerTransformStatus = OK
Seq_Frame0031_Timestamp = 18.57611428570194
Seq_Frame0031_ImageStatus = INVALID
Seq_Frame0032_ProbeToTrackerTransform = 0.06284472814520174 0.9978008673593048 -0.02107057762319105 -95.07421112060547 -0.9655474747772853 0.05544426433670324 -0.2542518584069142 -54.98275375366211 -0.2525244821706669 0.03632303193816574 0.9669084875288125 595.1143188476563 0 0 0 1 
Seq_Frame0032_ProbeToTrackerTransformStatus = OK
Seq_Frame0032_Timestamp = 18.60907142855743
Seq_Frame0032_ImageStatus = INVALID
Seq_Frame0033_ProbeToTrackerTransform = 0.06436091361937436 0.99765155549295 -0.02343174386547098 -95.37770843505859 -0.9651429997439039 0.05626034563441916 -0.2556047017455562 -54.9857292175293 -0.2536861502790771 0.03906593569330317 0.9664973822132104 595.5651245117188 0 0 0 1 
Seq_Frame0033_ProbeToTrackerTransformStatus = OK
Seq_Frame0033_Timestamp = 18.64214285713471
Seq_Frame0033_ImageStatus = INVALID
Seq_Frame0034_ProbeToTrackerTransform = 0.06778121666368582 0.9973350934853336 -0.0269892195180168 -95.88528442382813 -0.9638638970673036 0.0584732336711038 -0.2598985742059295 -54.95037841796875 -0.2576278218628979 0.04363017587227574 0.9652586768092444 595.8824462890625 0 0 0 1 
Seq_Frame0034_ProbeToTrackerTransformStatus = OK
Seq_Frame0034_Timestamp = 18.67499999999085
Seq_Frame0034_ImageStatus = INVALID
Seq_Frame0035_ProbeToTrackerTransform = 0.07177153648577927 0.9971142220636148 -0.02474014367263948 -96.71007537841797 -0.9632615003973815 0.06285634655776833 -0.2611060350692708 -54.88478088378906 -0.2587974659896345 0.04257120923678483 0.9649930381828989 596.2716674804688 0 0 0 1 
Seq_Frame0035_ProbeToTrackerTransformStatus = OK
Seq_Frame0035_Timestamp = 18.70814285712923
Seq_Frame0035_ImageStatus = INVALID
Seq_Frame0036_ProbeToTrackerTransform = 0.0779451634161198 0.9966673226581333 -0.02405825108986298 -97.92359161376953 -0.9619240520539325 0.06884323969924667 -0.2645046812966751 -54.79888916015625 -0.2619669245919759 0.04375907098168996 0.9640842671295086 596.69775390625 0 0 0 1 
Seq_Frame0036_ProbeToTrackerTransformStatus = OK
Seq_Frame0036_Timestamp = 18.74158571426774
Seq_Frame0036_ImageStatus = INVALID
Seq_Frame0037_ProbeToTrackerTransform = 0.08282446883687085 0.9963632463888147 -0.02000971282733316 -99.00746154785156 -0.9614385671567507 0.07460524305618549 -0.2647072709467984 -54.73515319824219 -0.262251766334308 0.04116234874335548 0.9641211916042847 596.9752197265625 0 0 0 1 
Seq_Frame0037_ProbeToTrackerTransformStatus = OK
Seq_Frame0037_Timestamp = 18.77505714284364
Seq_Frame0037_ImageStatus = INVALID
Seq_Frame0038_ProbeToTrackerTransform = 0.08476277723648742 0.99626322932683 -0.01657858517587859 -100.4597473144531 -0.9594297194284062 0.07711603244652333 -0.2711968492022662 -54.69685745239258 -0.2689049740571705 0.03889338543998208 0.9623811196695048 597.8344116210938 0 0 0 1 
Seq_Frame0038_ProbeToTrackerTransformStatus = OK
Seq_Frame0038_Timestamp = 18.80814285713506
Seq_Frame0038_ImageStatus = INVALID
Seq_Frame0039_ProbeToTrackerTransform = 0.06580620289648831 0.997313854832597 -0.03216548801576184 -99.58837890625 -0.958061445038176 0.05414038205169362 -0.2814020017033619 -55.33003234863281 -0.2789046632663363 0.04933451114830829 0.9590507258836987 599.1148071289063 0 0 0 1 
Seq_Frame0039_ProbeToTrackerTransformStatus = OK
Seq_Frame0039_Timestamp = 18.84194285713602
Seq_Frame0039_ImageStatus = INVALID
Seq_Frame0040_ProbeToTrackerTransform = 0.05937677137749688 0.9975001580056333 -0.03831231916135212 -99.68318939208984 -0.9580023434183583 0.04615525469665291 -0.2830215583110607 -55.48232650756836 -0.2805457342853719 0.05350819790110615 0.9583480389355725 599.2811889648438 0 0 0 1 
Seq_Frame0040_ProbeToTrackerTransformStatus = OK
Seq_Frame0040_Timestamp = 18.87529999998931
Seq_Frame0040_ImageStatus = INVALID
Seq_Frame0041_ProbeToTrackerTransform = 0.06582681395828414 0.997339562609847 -0.0313149711368297 -101.3160171508789 -0.9579471844243422 0.05438046639572314 -0.2817444883721041 -55.30956268310547 -0.2792920020651801 0.04854443045069801 0.958978318761504 599.0298461914063 0 0 0 1 
Seq_Frame0041_ProbeToTrackerTransformStatus = OK
Seq_Frame0041_Timestamp = 18.90892857141402
Seq_Frame0041_ImageStatus = INVALID
Seq_Frame0042_ProbeToTrackerTransform = 0.06751187666634062 0.9974181363506524 -0.02447872112223828 -102.8978500366211 -0.9566583066799739 0.05774794323122522 -0.2854296048288759 -55.2743034362793 -0.2832790687099805 0.04268766017662119 0.9580870173942717 599.3143920898438 0 0 0 1 
Seq_Frame0042_ProbeToTrackerTransformStatus = OK
Seq_Frame0042_Timestamp = 18.94244285712443
Seq_Frame0042_ImageStatus = INVALID
Seq_Frame0043_ProbeToTrackerTransform = 0.06393368704428641 0.9974374165782214 -0.03211049159833611 -103.9937210083008 -0.9543692751166987 0.05170454130477464 -0.2941188996336174 -55.49799346923828 -0.2917049371782218 0.04944937227333046 0.9552292861965777 600.1715698242188 0 0 0 1 
Seq_Frame0043_ProbeToTrackerTransformStatus = OK
Seq_Frame0043_Timestamp = 18.97521428569328
Seq_Frame0043_ImageStatus = INVALID
Seq_Frame0044_ProbeToTrackerTransform = 0.06357738054866244 0.9976282409696384 -0.02637820127294223 -105.7919387817383 -0.9532552161100891 0.05288331036114999 -0.2975026864486331 -55.60812759399414 -0.2954021151608059 0.04405959946562812 0.9543565067905445 600.8385009765625 0 0 0 1 
Seq_Frame0044_ProbeToTrackerTransformStatus = OK
Seq_Frame0044_Timestamp = 19.00844285713392
Seq_Frame0044_ImageStatus = INVALID
Seq_Frame0045_ProbeToTrackerTransform = 0.06664177271412722 0.9975793735670725 -0.01985617191318957 -108.1791610717773 -0.9521453572060899 0.05763207418793043 -0.3001628937355255 -55.54965209960938 -0.298291959127976 0.03890934924056703 0.9536812725755234 601.5466918945313 0 0 0 1 
Seq_Frame0045_ProbeToTrackerTransformStatus = OK
Seq_Frame0045_Timestamp = 19.04137142856738
Seq_Frame0045_ImageStatus = INVALID
Seq_Frame0046_ProbeToTrackerTransform = 0.05944878438318604 0.9979435662042851 -0.02396832715971625 -109.6087265014648 -0.9514683965420638 0.04938461961586788 -0.3037582093163412 -55.84355926513672 -0.3019498839493659 0.04086316210072068 0.9524476203792495 602.2698974609375 0 0 0 1 
Seq_Frame0046_ProbeToTrackerTransformStatus = OK
Seq_Frame0046_Timestamp = 19.07459999999514
Seq_Frame0046_ImageStatus = INVALID
Seq_Frame0047_ProbeToTrackerTransform = 0.05749232628042239 0.9980681900674307 -0.02354825671654411 -111.5501403808594 -0.9521665171493614 0.04772690810870089 -0.3018295311298057 -55.84450912475586 -0.3001225683591958 0.03977474346751256 0.9530710433874137 602.5291748046875 0 0 0 1 
Seq_Frame0047_ProbeToTrackerTransformStatus = OK
Seq_Frame0047_Timestamp = 19.10808571427063
Seq_Frame0047_ImageStatus = INVALID
Seq_Frame0048_ProbeToTrackerTransform = 0.05316295633501363 0.9983884803529604 -0.0198530192219736 -113.5017395019531 -0.9544910956743194 0.0449627486591772 -0.2948306285165247 -55.87642288208008 -0.2934628568527178 0.03462359789967352 0.9553432671643859 602.4603271484375 0 0 0 1 
Seq_Frame0048_ProbeToTrackerTransformStatus = OK
Seq_Frame0048_Timestamp = 19.14171428569576
Seq_Frame0048_ImageStatus = INVALID
Seq_Frame0049_ProbeToTrackerTransform = 0.04620983807467958 0.9987185691912275 -0.02063662806127445 -115.0812072753906 -0.9560224429994484 0.03822566303365854 -0.290791827888962 -55.92602157592773 -0.2896303494913446 0.0331665228545996 0.9565637680861935 602.3009643554688 0 0 0 1 
Seq_Frame0049_ProbeToTrackerTransformStatus = OK
Seq_Frame0049_Timestamp = 19.17515714284382
Seq_Frame0049_ImageStatus = INVALID
Seq_Frame0050_ProbeToTrackerTransform = 0.04219725484353436 0.9988630174244321 -0.0221825180137123 -117.1201934814453 -0.9571765553062151 0.03405156998260474 -0.2874952739678477 -55.987548828125 -0.2864130472862539 0.03336409752231621 0.9575251450174682 602.474853515625 0 0 0 1 
Seq_Frame0050_ProbeToTrackerTransformStatus = OK
Seq_Frame0050_Timestamp = 19.20825714284604
Seq_Frame0050_ImageStatus = INVALID
Seq_Frame0051_ProbeToTrackerTransform = 0.045166035277235 0.9988223274226113 -0.01771969241870514 -119.8377838134766 -0.9568446429294332 0.03815705624352805 -0.2880839606018945 -55.85965347290039 -0.2870685607212696 0.02996660309254605 0.9574411961810045 602.8797607421875 0 0 0 1 
Seq_Frame0051_ProbeToTrackerTransformStatus = OK
Seq_Frame0051_Timestamp = 19.24141428569814
Seq_Frame0051_ImageStatus = INVALID
Seq_Frame0052_ProbeToTrackerTransform = 0.04357514203231411 0.9989474329741812 -0.01432596074116527 -122.3230361938477 -0.9564258643802687 0.03756787795404511 -0.2895483042438446 -55.94535064697266 -0.2887053393017173 0.02631882786758801 0.957056187670482 603.57568359375 0 0 0 1 
Seq_Frame0052_ProbeToTrackerTransformStatus = OK
Seq_Frame0052_Timestamp = 19.27441428569686
Seq_Frame0052_ImageStatus = INVALID
Seq_Frame0053_ProbeToTrackerTransform = 0.04703618717074788 0.998808458294171 -0.01301002446038011 -125.0818557739258 -0.9549855836694349 0.04114575894359489 -0.2937848898505581 -55.91225051879883 -0.2928995255714616 0.02624290686979812 0.9557830181369806 604.5084228515625 0 0 0 1 
Seq_Frame0053_ProbeToTrackerTransformStatus = OK
Seq_Frame0053_Timestamp = 19.30784285712996
Seq_Frame0053_ImageStatus = INVALID
Seq_Frame0054_ProbeToTrackerTransform = 0.04619036033676675 0.9988888512579783 -0.009354862076815141 -127.5799865722656 -0.954630852424827 0.04138195258950231 -0.2949024747243204 -56.02815246582031 -0.2941876717515672 0.02255209153042733 0.9554815628556083 605.5072631835938 0 0 0 1 
Seq_Frame0054_ProbeToTrackerTransformStatus = OK
Seq_Frame0054_Timestamp = 19.34119999998823
Seq_Frame0054_ImageStatus = INVALID
Seq_Frame0055_ProbeToTrackerTransform = 0.04501867141276741 0.9989546888050171 -0.007927732254604997 -129.7251129150391 -0.9541230139038673 0.04064412645894634 -0.2966434380251646 -56.0705680847168 -0.2960111375661899 0.02091852525539514 0.9549554030099572 606.4189453125 0 0 0 1 
Seq_Frame0055_ProbeToTrackerTransformStatus = OK
Seq_Frame0055_Timestamp = 19.37477142856223
Seq_Frame0055_ImageStatus = INVALID
Seq_Frame0056_ProbeToTrackerTransform = 0.04437723713187483 0.9989803689997742 -0.008299589002867598 -131.8536071777344 -0.9538035219839078 0.03989647418713545 -0.2977702349102885 -56.11624908447266 -0.2971354948094127 0.02113039754738197 0.9546014896404966 607.3536987304688 0 0 0 1 
Seq_Frame0056_ProbeToTrackerTransformStatus = OK
Seq_Frame0056_Timestamp = 19.40815714284669
Seq_Frame0056_ImageStatus = INVALID
Seq_Frame0057_ProbeToTrackerTransform = 0.04472642494112357 0.9989743595323013 -0.007055204392122983 -133.7653045654297 -0.9540046728332149 0.04061528360071395 -0.2970277477785946 -56.12715530395508 -0.2964365549731964 0.02001568722432904 0.9548427834678131 608.2422485351563 0 0 0 1 
Seq_Frame0057_ProbeToTrackerTransformStatus = OK
Seq_Frame0057_Timestamp = 19.44154285713199
Seq_Frame0057_ImageStatus = INVALID
Seq_Frame0058_ProbeToTrackerTransform = 0.04348425840144343 0.9990505969293809 -0.002650291743260315 -135.5871429443359 -0.9544773147219461 0.04076031350398598 -0.2954854523055918 -56.19466018676758 -0.2950968907875173 0.01537860910826059 0.9553435630334438 609.1170043945313 0 0 0 1 
Seq_Frame0058_ProbeToTrackerTransformStatus = OK
Seq_Frame0058_Timestamp = 19.47518571427333
Seq_Frame0058_ImageStatus = INVALID
Seq_Frame0059_ProbeToTrackerTransform = 0.04303751144784512 0.9990636731288735 -0.004421497780188654 -137.2801208496094 -0.9539681620208044 0.03977933633256561 -0.2972580532998041 -56.20925521850586 -0.2968038383495489 0.01701121498260011 0.9547869396393055 610.15869140625 0 0 0 1 
Seq_Frame0059_ProbeToTrackerTransformStatus = OK
Seq_Frame0059_Timestamp = 19.5085999999898
Seq_Frame0059_ImageStatus = INVALID
Seq_Frame0060_ProbeToTrackerTransform = 0.04076035859008426 0.9991407945257242 -0.007501058732762017 -138.8078308105469 -0.9540280632191694 0.03668675620547463 -0.2974635044999651 -56.23087692260742 -0.2969327327154896 0.0192809396457919 0.9547037224230809 611.200927734375 0 0 0 1 
Seq_Frame0060_ProbeToTrackerTransformStatus = OK
Seq_Frame0060_Timestamp = 19.54151428570164
Seq_Frame0060_ImageStatus = INVALID
Seq_Frame0061_ProbeToTrackerTransform = 0.03911705025319244 0.9992291426820392 -0.003313124568451891 -140.7501678466797 -0.9547033566735146 0.03639478549040689 -0.2953251095749078 -56.36978149414063 -0.2949768755950426 0.01471529829884974 0.9553910732575235 612.5072631835938 0 0 0 1 
Seq_Frame0061_ProbeToTrackerTransformStatus = OK
Seq_Frame0061_Timestamp = 19.57435714284906
Seq_Frame0061_ImageStatus = INVALID
Seq_Frame0062_ProbeToTrackerTransform = 0.04185118673286861 0.9991237949318004 -0.0003472320956406717 -142.8768920898438 -0.9531793141048039 0.03982248760495317 -0.2997721879088334 -56.36482620239258 -0.2994956983526577 0.01287679626425111 0.9540107519238045 614.0599975585938 0 0 0 1 
Seq_Frame0062_ProbeToTrackerTransformStatus = OK
Seq_Frame0062_Timestamp = 19.60747142856043
Seq_Frame0062_ImageStatus = INVALID
Seq_Frame0063_ProbeToTrackerTransform = 0.03946325540877534 0.9992209088226719 0.0004762815716300315 -144.7575225830078 -0.9537043994402113 0.03780783926061186 -0.2983596584306089 -56.46957397460938 -0.298145216230158 0.01132001157408623 0.9544533971740239 615.281494140625 0 0 0 1 
Seq_Frame0063_ProbeToTrackerTransformStatus = OK
Seq_Frame0063_Timestamp = 19.64082857141329
Seq_Frame0063_ImageStatus = INVALID
Seq_Frame0064_ProbeToTrackerTransform = 0.04228699606822291 0.9990994663648204 0.003473654136114307 -146.7597503662109 -0.9522705822774601 0.04135647967362802 -0.3024407044661018 -56.47745513916016 -0.3023120045457561 0.009481450233800537 0.9531618718816814 616.8958129882813 0 0 0 1 
Seq_Frame0064_ProbeToTrackerTransformStatus = OK
Seq_Frame0064_Timestamp = 19.67462857141883
Seq_Frame0064_ImageStatus = INVALID
Seq_Frame0065_ProbeToTrackerTransform = 0.04166190927811611 0.9991307461581668 0.00142737406691929 -148.1116333007813 -0.9518285852784092 0.04012378725001468 -0.3039941215609566 -56.57857894897461 -0.3037871451562823 0.0113063600747743 0.9526728382081938 618.04443359375 0 0 0 1 
Seq_Frame0065_ProbeToTrackerTransformStatus = OK
Seq_Frame0065_Timestamp = 19.70791428570353
Seq_Frame0065_ImageStatus = INVALID
Seq_Frame0066_ProbeToTrackerTransform = 0.04263976859885506 0.9990891781973902 0.001632220175011948 -149.5455169677734 -0.9510728388642303 0.04109077410952606 -0.3062221472359792 -56.70510101318359 -0.3060103026183431 0.01150488122248659 0.9519586820863007 619.4326171875 0 0 0 1 
Seq_Frame0066_ProbeToTrackerTransformStatus = OK
Seq_Frame0066_Timestamp = 19.74139999998401
Seq_Frame0066_ImageStatus = INVALID
Seq_Frame0067_ProbeToTrackerTransform = 0.05008717250489559 0.9987145799501487 0.007775792272358149 -151.5268096923828 -0.9496105933755441 0.05003355444628434 -0.3094129350534941 -56.6633415222168 -0.309404259989115 0.008113644339551423 0.9508959841518521 620.4990234375 0 0 0 1 
Seq_Frame0067_ProbeToTrackerTransformStatus = OK
Seq_Frame0067_Timestamp = 19.77514285713135
Seq_Frame0067_ImageStatus = INVALID
Seq_Frame0068_ProbeToTrackerTransform = 0.06049682465118997 0.9980991192587108 0.01175935126226158 -153.7599945068359 -0.9469015112135469 0.06111268796958977 -0.3156624263839978 -56.63525772094727 -0.3157810353213512 0.007961626976795456 0.9487986879350425 621.8720703125 0 0 0 1 
Seq_Frame0068_ProbeToTrackerTransformStatus = OK
Seq_Frame0068_Timestamp = 19.80862857141973
Seq_Frame0068_ImageStatus = INVALID
Seq_Frame0069_ProbeToTrackerTransform = 0.07157861444494662 0.9972882283968844 0.01710822770323057 -156.0935516357422 -0.9436410339928161 0.07326504247649643 -0.3227597132789132 -56.6486930847168 -0.3231378976831885 0.006958667395491809 0.9463263052610174 623.3692016601563 0 0 0 1 
Seq_Frame0069_ProbeToTrackerTransformStatus = OK
Seq_Frame0069_Timestamp = 19.84168571427622
Seq_Frame0069_ImageStatus = INVALID
Seq_Frame0070_ProbeToTrackerTransform = 0.08091842963030089 0.9964844662460585 0.02170060544026619 -158.1269683837891 -0.940946847904553 0.08355325640453368 -0.3280821280757069 -56.67405319213867 -0.3287419005308759 0.00612877430701458 0.9443999157988323 624.5821533203125 0 0 0 1 
Seq_Frame0070_ProbeToTrackerTransformStatus = OK
Seq_Frame0070_Timestamp = 19.87491428570605
Seq_Frame0070_ImageStatus = INVALID
Seq_Frame0071_ProbeToTrackerTransform = 0.08289776274425185 0.9963092371289307 0.02226802513843175 -159.3766174316406 -0.9397656703520272 0.08558952828605008 -0.3309303816145873 -56.69877624511719 -0.3316149058166757 0.006506662688316681 0.9433923985176358 625.5046997070313 0 0 0 1 
Seq_Frame0071_ProbeToTrackerTransformStatus = OK
Seq_Frame0071_Timestamp = 19.90801428570287
Seq_Frame0071_ImageStatus = INVALID
Seq_Frame0072_ProbeToTrackerTransform = 0.05641111157997902 0.9984057200469527 0.001950555776461894 -157.6855316162109 -0.9425292809671998 0.05389824457266736 -0.3297476819500609 -57.13232803344727 -0.3293271033634565 0.01676297734624927 0.9440670853179474 626.2665405273438 0 0 0 1 
Seq_Frame0072_ProbeToTrackerTransformStatus = OK
Seq_Frame0072_Timestamp = 19.94124285713395
Seq_Frame0072_ImageStatus = INVALID
Seq_Frame0073_ProbeToTrackerTransform = 0.04721176733299486 0.9988674539499317 -0.005904105764309733 -157.3933868408203 -0.9439689000146281 0.04268258613661146 -0.3272627578045872 -57.36895751953125 -0.3266401151580564 0.0210239454021299 0.9449149320913814 626.6433715820313 0 0 0 1 
Seq_Frame0073_ProbeToTrackerTransformStatus = OK
Seq_Frame0073_Timestamp = 19.97484285712874
Seq_Frame0073_ImageStatus = INVALID
Seq_Frame0074_ProbeToTrackerTransform = 0.05272898221454371 0.9985873250848587 -0.006558095339729522 -158.3658752441406 -0.9428239542915771 0.04761808463497371 -0.3298719588411397 -57.35426712036133 -0.3290936730607448 0.0235769420316361 0.9440029036797633 627.2866821289063 0 0 0 1 
Seq_Frame0074_ProbeToTrackerTransformStatus = OK
Seq_Frame0074_Timestamp = 20.00787142855572
Seq_Frame0074_ImageStatus = INVALID
Seq_Frame0075_ProbeToTrackerTransform = 0.0589993396455374 0.9982336946385636 -0.006969132631363648 -159.5820159912109 -0.9409930517850833 0.05328296346798373 -0.3342050303275894 -57.33971405029297 -0.3332433861513023 0.02627578147862646 0.9424746303716092 628.0477294921875 0 0 0 1 
Seq_Frame0075_ProbeToTrackerTransformStatus = OK
Seq_Frame0075_Timestamp = 20.04171428569992
Seq_Frame0075_ImageStatus = INVALID
Seq_Frame0076_ProbeToTrackerTransform = 0.06451735005875378 0.9979034214661998 -0.005125716286367543 -161.0627593994141 -0.9395233342844471 0.05901004859584479 -0.3373628884447 -57.3149299621582 -0.336353111887539 0.02658148962658314 0.9413607217920241 629.0347900390625 0 0 0 1 
Seq_Frame0076_ProbeToTrackerTransformStatus = OK
Seq_Frame0076_Timestamp = 20.07475714284686
Seq_Frame0076_ImageStatus = INVALID
Seq_Frame0077_ProbeToTrackerTransform = 0.06088381270666766 0.9981353635093231 -0.004354016813378979 -162.0480804443359 -0.941106423443443 0.05595063231970881 -0.333448986348011 -57.31447601318359 -0.332583615206448 0.02439923882289219 0.9427580898836525 629.7470092773438 0 0 0 1 
Seq_Frame0077_ProbeToTrackerTransformStatus = OK
Seq_Frame0077_Timestamp = 20.10825714284604
Seq_Frame0077_ImageStatus = INVALID
Seq_Frame0078_ProbeToTrackerTransform = 0.05672972363308612 0.9983661100057377 -0.006844621868651597 -162.8317413330078 -0.941502569688524 0.05121497494852479 -0.3330914853473863 -57.38174057006836 -0.3321967033647681 0.02534041698617312 0.9428696694350429 630.7072143554688 0 0 0 1 
Seq_Frame0078_ProbeToTrackerTransformStatus = OK
Seq_Frame0078_Timestamp = 20.14161428570058
Seq_Frame0078_ImageStatus = INVALID
Seq_Frame0079_ProbeToTrackerTransform = 0.05560972285335432 0.9984400351306434 -0.005005494230616784 -163.7892608642578 -0.9419540672999052 0.05079984544891357 -0.331876348659455 -57.43562316894531 -0.3311043548812652 0.02317049741991117 0.9433096173727771 631.6051025390625 0 0 0 1 
Seq_Frame0079_ProbeToTrackerTransformStatus = OK
Seq_Frame0079_Timestamp = 20.1748428571304
Seq_Frame0079_ImageStatus = INVALID
Seq_Frame0080_ProbeToTrackerTransform = 0.05486315313859783 0.9984776325535 -0.005696640944347155 -164.79052734375 -0.9428208632522932 0.04992486077934644 -0.3295395698430824 -57.41026306152344 -0.3287534855235631 0.02345049181831643 0.9441245787445571 632.53125 0 0 0 1 
Seq_Frame0080_ProbeToTrackerTransformStatus = OK
Seq_Frame0080_Timestamp = 20.20835714284788
Seq_Frame0080_ImageStatus = INVALID
Seq_Frame0081_ProbeToTrackerTransform = 0.05427288560327616 0.9985136692303438 -0.00499061603906885 -165.7826080322266 -0.9424864707240337 0.04957551133161715 -0.3305473055076445 -57.50409698486328 -0.3298085905346449 0.02264334419568832 0.9437762301378366 634.0388793945313 0 0 0 1 
Seq_Frame0081_ProbeToTrackerTransformStatus = OK
Seq_Frame0081_Timestamp = 20.2416428571305
Seq_Frame0081_ImageStatus = INVALID
Seq_Frame0082_ProbeToTrackerTransform = 0.05277992198236345 0.9985906341529501 -0.005570028504856665 -166.6658935546875 -0.9423932006016278 0.04796307501176762 -0.3310507497276453 -57.62246322631836 -0.3303170224123427 0.02272198973296221 0.943596511167363 635.5377807617188 0 0 0 1 
Seq_Frame0082_ProbeToTrackerTransformStatus = OK
Seq_Frame0082_Timestamp = 20.27527142856187
Seq_Frame0082_ImageStatus = INVALID
Seq_Frame0083_ProbeToTrackerTransform = 0.05329198450392412 0.9985728686058332 -0.003491485636644231 -167.5736694335938 -0.941632123082046 0.04908867723122233 -0.3330454121402777 -57.70607376098633 -0.3323987201654544 0.02103634597562647 0.9429043233437642 637.1914672851563 0 0 0 1 
Seq_Frame0083_ProbeToTrackerTransformStatus = OK
Seq_Frame0083_Timestamp = 20.30828571427721
Seq_Frame0083_ImageStatus = INVALID
Seq_Frame0084_ProbeToTrackerTransform = 0.05098102522521253 0.998696948416634 -0.0023109068110551 -168.2690887451172 -0.9428718636843196 0.04736822750515467 -0.3297709806751918 -57.65817260742188 -0.3292318085171056 0.01899095169608534 0.9440581338107484 638.6121215820313 0 0 0 1 
Seq_Frame0084_ProbeToTrackerTransformStatus = OK
Seq_Frame0084_Timestamp = 20.34134285713205
Seq_Frame0084_ImageStatus = INVALID
Seq_Frame0085_ProbeToTrackerTransform = 0.04506845263492 0.998975143689531 -0.004182925719492866 -168.5650177001953 -0.9461195657235302 0.04133908981672261 -0.3211679420618496 -57.625244140625 -0.3206658727276924 0.01843209004984958 0.947013017927516 639.5645751953125 0 0 0 1 
Seq_Frame0085_ProbeToTrackerTransformStatus = OK
Seq_Frame0085_Timestamp = 20.37441428570268
Seq_Frame0085_ImageStatus = INVALID
Seq_Frame0086_ProbeToTrackerTransform = 0.03618093156167475 0.9993121736922896 -0.008131402198930859 -168.5535430908203 -0.9489943958159344 0.03180668385008826 -0.3136845096150118 -57.73746871948242 -0.3132101162179781 0.019066052891249 0.9494924479562061 641.0079345703125 0 0 0 1 
Seq_Frame0086_ProbeToTrackerTransformStatus = OK
Seq_Frame0086_Timestamp = 20.40832857141462
Seq_Frame0086_ImageStatus = INVALID
Seq_Frame0087_ProbeToTrackerTransform = 0.03383754290935272 0.9993925659416949 -0.008337855259763272 -169.1521759033203 -0.9509687737647494 0.02962951593487721 -0.3078643907791771 -57.6465950012207 -0.3074303368475966 0.01834641452545718 0.9513937129600099 642.6475830078125 0 0 0 1 
Seq_Frame0087_ProbeToTrackerTransformStatus = OK
Seq_Frame0087_Timestamp = 20.44211428569854
Seq_Frame0087_ImageStatus = INVALID
Seq_Frame0088_ProbeToTrackerTransform = 0.03508066560801971 0.9993810056011028 -0.002636767761333688 -170.3181610107422 -0.9513167697779802 0.03258485878934167 -0.3064875699222862 -57.68305587768555 -0.3062119371280093 0.01326018934282496 0.9518710085609839 645.14208984375 0 0 0 1 
Seq_Frame0088_ProbeToTrackerTransformStatus = OK
Seq_Frame0088_Timestamp = 20.47575714284488
Seq_Frame0088_ImageStatus = INVALID
Seq_Frame0089_ProbeToTrackerTransform = 0.03506034914822104 0.9993816471095666 0.002663707599328294 -171.1435089111328 -0.950243420673294 0.03416175252723608 -0.3096294820125904 -57.78161239624023 -0.3095290186472376 0.008324547125085078 0.9508535578786254 648.1309204101563 0 0 0 1 
Seq_Frame0089_ProbeToTrackerTransformStatus = OK
Seq_Frame0089_Timestamp = 20.50894285713314
Seq_Frame0089_ImageStatus = INVALID
Seq_Frame0090_ProbeToTrackerTransform = 0.03731462975918114 0.9992628777987039 0.009017730279167385 -172.0962982177734 -0.9494829926228087 0.03826662605379517 -0.311476663733408 -57.89672470092773 -0.3115921454818314 0.003060454853707921 0.9502110126125238 650.9371948242188 0 0 0 1 
Seq_Frame0090_ProbeToTrackerTransformStatus = OK
Seq_Frame0090_Timestamp = 20.54155714284321
Seq_Frame0090_ImageStatus = INVALID
Seq_Frame0091_ProbeToTrackerTransform = 0.03634934777705107 0.9992534243340012 0.01308888356414276 -172.3121337890625 -0.9478320119058753 0.03862351778500115 -0.3164217139836843 -58.12362289428711 -0.3166910199589559 -0.0009043399163996514 0.9485283232706717 654.0350341796875 0 0 0 1 
Seq_Frame0091_ProbeToTrackerTransformStatus = OK
Seq_Frame0091_Timestamp = 20.57432857142038
Seq_Frame0091_ImageStatus = INVALID
Seq_Frame0092_ProbeToTrackerTransform = 0.0335861052158011 0.9993347406368696 0.01421441847821408 -172.1437835693359 -0.9478749683780103 0.0363593512790536 -0.3165612766858138 -58.29022598266602 -0.3168675083671709 -0.002841431119530907 0.9484655546778565 656.597900390625 0 0 0 1 
Seq_Frame0092_ProbeToTrackerTransformStatus = OK
Seq_Frame0092_Timestamp = 20.60782857141707
Seq_Frame0092_ImageStatus = INVALID
Seq_Frame0093_ProbeToTrackerTransform = 0.03089454152070297 0.9994433564434174 0.01258985962358623 -171.6192626953125 -0.9482341314323054 0.03328994951932661 -0.3158224362641483 -58.40849304199219 -0.3160657515313023 -0.002180945234693642 0.9487347807405588 658.7259521484375 0 0 0 1 
Seq_Frame0093_ProbeToTrackerTransformStatus = OK
Seq_Frame0093_Timestamp = 20.64188571427658
Seq_Frame0093_ImageStatus = INVALID
Seq_Frame0094_ProbeToTrackerTransform = 0.03068509063215446 0.9994031558231062 0.01586686307096761 -171.3513946533203 -0.9491553456291513 0.03411088436573122 -0.3129545932422057 -58.46549987792969 -0.3133090408470576 -0.005457077844788563 0.9496355433664502 660.7685546875 0 0 0 1 
Seq_Frame0094_ProbeToTrackerTransformStatus = OK
Seq_Frame0094_Timestamp = 20.67541428570735
Seq_Frame0094_ImageStatus = INVALID
Seq_Frame0095_ProbeToTrackerTransform = 0.02886613443696787 0.9994558901122258 0.01595838345965413 -170.7962951660156 -0.9498722210984754 0.03239910830216978 -0.3109550793389191 -58.49496078491211 -0.311302922999634 -0.00618235401790759 0.950290623246742 662.7664184570313 0 0 0 1 
Seq_Frame0095_ProbeToTrackerTransformStatus = OK
Seq_Frame0095_Timestamp = 20.70842857141688
Seq_Frame0095_ImageStatus = INVALID
